"","startq","test1","allP"
"1",0.01,31.32,32.84
"2",0.01,31.23,32.95
"3",0.01,31.27,32.88
"4",0.05,29.22,30.88
"5",0.05,29.17,30.91
"6",0.05,29.22,30.87
"7",0.1,28.46,29.95
"8",0.1,28.28,30.12
"9",0.1,28.42,30
"10",0.5,26.12,27.59
"11",0.5,25.99,27.63
"12",0.5,25.99,27.62
"13",1,25.3,26.93
"14",1,25.42,27.07
"15",1,25.41,27.05
"16",5,22.64,24.17
"17",5,22.8,24.17
"18",5,22.67,24.21
"19",10,21.54,22.96
"20",10,21.59,23.15
"21",10,21.68,23.12
"22",50,19.07,20.45
"23",50,19.19,20.5
"24",50,19.11,20.37
"25",100,17.86,19.26
"26",100,17.97,19.23
"27",100,17.95,19.22
